     1      4
     2      3
     0      0
     4     20
     4     32
     0      0
     1     22
     4     36
     0      0
     4     13
     3      7
     0      0
     1     29
     3      0
     0      0
     0      0
     0      0
     0      0
     0      0
     0      0
     0      0
     0      0
     0      0
     3      5
     0      0
     4     21
     0      0
     1     11
     3      9
     4     14
     1     16
     3      3
     0      0
     0      0
     0      0
     0      0
     0      0
     1     23
     4     23
     0      0
     0      0
     4     17
     3      4
     0      0
     1     19
     1     20
     0      0
     0      0
     4     25
     0      0
     0      0
     0      0
     4     19
     0      0
     4      1
     0      0
     4     11
     1     26
     0      0
     0      0
     1     24
     4      9
     0      0
     0      0
     0      0
    -1      0
     0      0
     4     34
     0      0
     4      0
     4      6
     0      0
     0      0
     0      0
     4     10
    -1      0
     0      0
     4     26
     0      0
     0      0
     2      1
     0      0
     0      0
     0      0
     0      0
     4     37
     0      0
     0      0
     4     30
     1     25
     0      0
    -1      0
     1      9
     0      0
     4     12
     0      0
    -1      0
     1     12
     1      6
     0      0
     1      2
     1      8
     0      0
     0      0
     1     27
     0      0
     4     35
     0      0
     0      0
    -1      0
     1     31
     0      0
     0      0
     4     15
     1     28
     1     30
     0      0
     0      0
     0      0
     0      0
     1     14
     0      0
     0      0
     3      6
     0      0
     1      1
     0      0
     1      7
     0      0
     1      0
     0      0
     0      0
     4     38
     2      0
     4     24
     4      8
     0      0
     0      0
     4     22
     3     13
     4     33
     3     12
     0      0
     4      2
     0      0
     0      0
     4     29
     0      0
     0      0
    -1      0
     0      0
     0      0
     0      0
    -1      0
     3     11
     0      0
     4     18
     4     16
     0      0
     4     27
     1     17
     4      3
     1     18
     0      0
     0      0
     4     31
     1     15
     4     28
     0      0
     3     10
     0      0
    -1      0
     0      0
     3      1
     3      8
     3      2
     0      0
     0      0
     1      3
     2      2
     0      0
     0      0
     1     10
     4      5
     4      4
     0      0
     4      7
     0      0
     0      0
     2      4
     1     21
     0      0
    -1      0
     1      5
     0      0
     0      0
     0      0
    -1      0
     1     13
     0      0